HAORENZU
HAORENZU





1 
2 
0 
27573 
0 
1 
-458 
1 
0 
1 
0 
10 
2 
0 
0 
0 
0 
0 
0 
0 
0 
0 
0 
0 
0 
0 
0 
0 
0 
0 
0 
0 
0 
0 
0 
0 
0 
0 
0 
0 
0 
0 
0 
0 
0 
0 
0 
0 
0 
0 
0 
0 
0 
0 
0 
0 
0 
0 
0 
0 
0 
0 
0 
0 
0 
0 
0 
0 
0 
0 
0 
240 
240 
17 
2 
0 
0 
16 
34 
34 
0 
4 
0 
0 
1 
0 
0 
0 
0 
0 
0 
0 
6 
0 
0 
0 
0 
0 
0 
0 
0 
0 
6 
0 
0 
0 
0 
0 
0 
0 
0 
0 
0 
0 
0 
0 
0 
0 
0 
0 
0 
7 
0 
0 
0 
0 
0 
0 
0 
0 
0 
0 
0 
290 
290 
22 
2 
3 
0 
31 
23 
33 
0 
10 
0 
0 
1 
0 
0 
0 
0 
0 
0 
0 
5 
0 
0 
0 
0 
0 
0 
5 
0.66 
0 
4 
1 
0 
0 
0 
0 
0 
0 
0 
0 
0 
0 
0 
0 
0 
0 
0 
0 
0 
4 
11 
13 
0 
0 
0 
0 
0 
0 
0 
0 
0 
210 
210 
15 
2 
14 
0 
37 
24 
21 
0 
6 
0 
2 
1 
0 
0 
0 
0 
0 
0 
0 
2 
0 
0 
0 
0 
0 
0 
0 
0 
0 
5 
5 
0 
0 
0 
0 
0 
6 
0.2 
0 
0 
0 
0 
0 
0 
0 
0 
0 
0 
3 
2 
12 
0 
0 
0 
0 
0 
0 
0 
0 
0 
90 
90 
3 
1 
11 
0 
12 
10 
22 
0 
0 
0 
0 
1 
0 
0 
0 
0 
0 
0 
0 
2 
0 
0 
0 
0 
0 
0 
0 
0 
0 
3 
1 
0 
0 
0 
0 
0 
0 
0 
0 
0 
0 
0 
0 
0 
0 
0 
0 
0 
2 
8 
9 
0 
0 
0 
0 
0 
0 
0 
0 
0 
100 
100 
100 
27 
1 
2 
13 
28 
25 
62 
0 
62 
0 
62 
0 
2 
0 
2 
0 
0 
0 
0 
0 
0 
0 
0 
0 
999 
0 
25 
14 
30 
10 
6 
34 
52 
33 
50 
11 
26 
53 
9 
50 
23 
52 
20 
51 
14 
25 
1 
3 
3 
5 
2 
3 
0 
8 
0 
10 
0 
20 
0 
4 
0 
2 
0 
16 
0 
12 
0 
0 
0 
0 
0 
0 
0 
0 
0 
0 
0 
0 
0 
0 
0 
0 
0 
0 
0 
0 
0 
0 
0 
0 
0 
0 
0 
0 
0 
0 
0 
0 
0 
0 
0 
0 
0 
0 
0 
0 
0 
0 
0 
0 
0 
0 
0 
0 
0 
0 
0 
0 
0 
0 
0 
0 
3 
62 
16 
18 
3 
33 
2 
30 
1 
13 
16 
12 
9 
11 
0 
19 
0 
0 
0 
0 
0 
0 
0 
0 
0 
0 
0 
0 
0 
0 
0 
0 
0 
0 
0 
0 
0 
0 
0 
0 
0 
0 
0 
0 
0 
0 
0 
0 
0 
0 
0 
0 
0 
0 
0 
0 
0 
0 
0 
0 
0 
0 
0 
0 
0 
0 
0 
0 
0 
0 
0 
0 
999 
250 
13 
14 
0 
1 
7 
20 
20 
10 
10 
1 
0 
5 
201 
11 
0 
17 
0 
21 
0 
0 
0 
0 
0 
0 
0 
0 
0 
1 
0 
0 
0 
0 
0 
0 
0 
1 
0 
1 
1 
0 
0 
0 
1 
0.85 
0.6 
0 
0 
0 
15 
0 
1 
1 
0 
0 
0 
0 
1 
2 
1 
0 
20 
0 
0 
0 
0 
0 
0 
1 
202 
27 
0 
0 
0 
0 
0 
0 
250 
0 
0 
0 
0 
1477 
1382 
262 
0 
0 
0 
0 
0 
0 
0 
48 
0 
0 
0 
0 
0 
0 
0 
0 
0 
0 
0 
0 
0 
0 
0 
0 
0 
0 
0 
0 
0 
0 
0 
0 
0 
0 
0 
0 
0 
0 
0 
0 
0 
0 
0 
1 
2 
2 
1 
1 
1 
1 
1 
1 
1 
1 
0 
0 
0 
1 
1 
0 
0 
1 
0 
1 
2 
1 
1 
0 
0 
1 
1 
0 
0 
1 
1 
1 
1 
1 
1 
0 
1 
1 
1 
1 
1 
0 
0 
0 
0 
0 
0 
0 
0 
0 
0 
0 
0 
0 
0 
0 
0 
0 
0 
2 
0 
0 
0 
0 
0 
0 
0 
0 
0 
0 
0 
0 
0 
2 
2 
2 
2 
0 
0 
0 
0 
0 
0 
0 
0 
2 
0 
0 
0 
0 
0 
0 
0 
0 
0 
0 
0 
0 
0 
0 
1 
0 
0 
0 
1 
1 
1 
0 
1 
1 
2 
1 
0 
2 
1 
1 
1 
1 
0 
3 
3 
3 
31 
31 
31 
1 
0 
0 
12 
0 
8 
1 
1 
1 
0 
0 
1 
1 
1 
1 
1 
0 
3 
1 
1 
1 
1 
0 
1 
1 
1 
1 
0 
0 
2 
1 
1 
2 
2 
3 
1 
4 
0 
158 
1 
0 
0 
1 
1 
1 
2 
5 
2 
0 
0 
2 
3 
1 
0 
0 
0 
0 
0 
0 
0 
0 
0 
0 
0 
1 
9 
0 
1 
0 
0 
1 
0 
0 
0 
0 
2 
2 
0 
1 
0 
0 
1 
1 
9 
1 
0 
1 
0 
1 
1 
1 
2 
0 
3 
1 
0 
0 
0 
2 
4 
0 
0 
0 
1 
0 
0 
0 
1 
0 
0 
0 
3 
0 
1 
1 
1 
3 
1 
1 
0 
1 
7 
0 
0 
1 
0 
1 
0 
0 
0 
1 
1 
5 
2 
1 
1 
1 
0 
0 
0 
0 
1 
1 
1 
1 
1 
0 
1 
0 
1 
2 
1 
1 
1 
1 
1 
1 
1 
1 
1 
2 
1 
0 
1 
0 
1 
0 
1 
1 
1 
1 
1 
1 
1 
2 
0 
0 
0 
0 
0 
0 
1 
1 
1 
0 
1 
1 
1 
0 
0 
1 
1 
1 
1 
1 
1 
1 
0 
1 
1 
1 
1 
1 
76 
1 
1 
1 
0 
1 
1 
1 
2 
1 
1 
1 
1 
1 
1 
0 
1 
0 
1 
1 
1 
2 
1 
0 
0 
1 
0 
0 
1 
2 
0 
0 
1 
0 
0 
1 
1 
0 
1 
0 
1 
0 
0 
0 
0 
0 
0 
0 
0 
0 
0 
0 
0 
0 
0 
0 
0 
0 
0 
0 
0 
0 
0 
0 
0 
0 
0 
0 
0 
0 
0 
1 
3 
2 
1 
2 
1 
1 
1 
1 
0 
0 
1 
0 
0 
1 
0 
0 
0 
0 
0 
0 
0 
0 
0 
0 
0 
2 
2 
0 
2 
2 
2 
2 
2 
2 
2 
2 
3 
3 
2 
2 
2 
2 
2 
0 
3 
2 
2 
2 
2 
2 
2 
2 
0 
0 
0 
0 
0 
2 
0 
0 
0 
0 
0 
0 
0 
0 
0 
0 
0 
2 
2 
0 
0 
0 
0 
0 
0 
0 
0 
2 
2 
2 
2 
2 
2 
2 
2 
0 
0 
2 
2 
2 
2 
0 
0 
0 
0 
0 
0 
0 
0 
0 
0 
0 
1 
1 
0 
0 
0 
0 
1 
0 
1 
1 
1 
0 
0 
0 
0 
0 
0 
1 
1 
0 
0 
0 
0 
0 
0 
1 
1 
1 
1 
1 
1 
1 
0 
0 
0 
1 
0 
1 
0 
1 
0 
0 
0 
0 
0 
0 
0 
0 
0 
1 
1 
1 
1 
1 
1 
1 
1 
1 
1 
1 
1 
1 
1 
1 
1 
1 
1 
1 
1 
1 
1 
1 
1 
0 
0 
0 
0 
0 
0 
0 
0 
0 
0 
0 
0 
0 
0 
0 
0 
0 
0 
0 
0 
0 
0 
1 
1 
1 
1 
0 
0 
1 
0 
1 
1 
2 
1 
2 
0 
1 
0 
1 
0 
0 
1 
2 
0 
2 
0 
0 
0 
1 
1 
0 
0 
1 
1 
1 
1 
1 
0 
8 
2 
0 
168.5 
180.5 
176.5 
0 
0 
0 
0 
1 
1 
0 
0 
1 
1 
0 
1 
0 
0 
0 
0 
0 
0 
1 
1 
1 
1 
0 
0 
0 
1 
1 
1 
1 
1 
0 
1 
0 
1 
1 
2 
0 
1 
1 
0 
1 
0 
0 
0 
1 
4 
0 
0 
1 
1 
3 
1 
0 
0 
0 
1 
7 
1 
15 
35 
6 
5 
0 
0 
0 
0 
0 
0 
0 
2 
2 
2 
0 
0 
1 
0 
0 
0 
0 
0 
0 
0 
0 
0 
0 
0 
0 
0 
0 
1 
1 
0 
1 
1 
1 
0 
0 
0 
0 
0 
0 
0 
1 
0 
0 
2 
0 
1 
6 
3 
1 
0 
1 
0 
0 
0 
0 
0 
0 
0 
1 
1 
0 
1 
0 
1 
1 
1 
0 
0 
1 
1 
1 
1 
1120 
240 
2720 
760 
600 
400 
760 
480 
840 
480 
-1 
1 
1 
1 
1 
-1 
1 
0 
0 
0 
0 
0 
1000 
2 
0 
0 
0 
0 
4 
2 
1 
1 
0 
-3 
0 
0 
0 
0 
1 
0 
0 
3 
1 
0 
1 
1 
0 
0 
0 
0 
0 
0 
0 
0 
1 
1 
0 
0 
0 
0 
0 
0 
0 
0 
0 
0 
0 
0 
0 
0 
0 
0 
0 
0 
0 
0 
0 
0 
0 
0 
0 
0 
0 
0 
0 
0 
0 
0 
0 
0 
0 
0 
0 
0 
0 
0 
0 
0 
0 
0 
0 
0 
0 
0 
0 
0 
0 
0 
0 
0 
0 
0 
0 
0 
0 
0 
0 
0 
0 
0 
0 
0 
0 
0 
0 
0 
1 
0 
1 
1 
4 
0 
1 
0 
0 
6 
10 
17 
18 
0 
0 
0 
1 
0 
1 
1 
0 
0 
0 
4 
0 
0 
1 
1 
2 
1 
1 
1 
1 
0 
0 
0 
0 
0 
1 
1 
0 
1 
1719 
5 
0 
1 
0 
3 
1 
0 
0 
0 
1 
6 
0 
0 
0 
2 
0 
0 
1 
0 
0 
0 
0 
1 
1 
0 
0 
0 
0 
0 
1 
0 
0 
0 
0 
0 
0 
0 
0 
1 
1 
0 
1 
1 
0 
0 
1 
2 
4 
1 
1 
1 
0 
0 
0 
1 
1 
2 
0 
0 
0 
0 
0 
0 
0 
480 
216 
2 
1 
2 
0 
3 
0 
0 
0 
2 
0 
0 
4 
1 
1 
1 
0 
0 
0 
0 
0 
1 
1 
1 
1 
1 
0 
1 
0 
1 
1 
16 
0 
50 
2 
2 
1 
1 
2 
0 
0 
1 
1 
0 
1 
1 
1 
1 
1 
1 
1 
1 
1 
1 
0 
0 
1 
0 
1 
0 
0 
3 
0 
4 
0 
0 
2 
0 
0 
0 
0 
0 
0 
0 
1 
1 
0 
2 
2 
1 
1 
2 
0 
477 
4 
28000 
0 
0 
0 
1 
0 
2 
1 
1 
1 
1 
1 
1 
0 
1 
2 
2 
2 
1 
2 
0 
1 
3 
0 
0 
0 
1 
0 
0 
1 
1 
1 
1 
1 
0 
1 
0 
1 
1 
0 
1 
1 
1 
1 
0 
0 
1 
12 
0 
0 
0 
0 
0 
0 
0 
1 
0 
0 
1 
0 
144 
32 
8 
0 
0 
1 
1 
0 
0 
0 
0 
0 
1 
1 
0 
0 
0 
0 
0 
10 
17 
18 
8 
2 
28000 
0 
0 
0 
0 
0 
0 
0 
0 
0 
0 
0 
0 
0 
0 
0 
0 
0 
0 
0 
0 
384 
2 
1 
1 
0 
0 
1 
0 
0 
0 
8656 
0 
3 
4 
6 
1 
1 
1 
0 
1 
246083 
2046 
2 
0 
3 
0 
0 
1 
1 
2 
0 
1 
0 
4 
1 
1 
2 
1 
1 
1 
0 
1 
0 
0 
1 
1 
1 
1 
1 
1023 
1 
0 
3 
0 
0 
0 
1 
0 
1 
0 
-1 
36872 
1 
1 
87 
3328 
0 
0 
15 
1 
6172 
16379 
0 
1 
1 
0 
0 
0 
0 
0 
1 
1 
3 
0 
112639 
0 
7510 
1 
1 
0 
1 
2 
0 
1 
1 
1 
1 
0 
1 
0 
0 
4 
1 
2 
3 
0 
1 
1 
1 
1 
1 
246 
2 
1 
5 
3 
0 
1 
1 
1 
0 
1 
1 
1 
1 
1 
0 
1 
1 
1 
61365 
1 
0 
1 
17 
1 
1 
1 
0 
1 
1243 
2 
2302 
1 
0 
1 
1 
1 
0 
0 
1 
1 
0 
0 
100 
100 
1 
1 
0 
1 
0 
0 
3 
0 
1 
1 
0 
0 
0 
1 
0 
2 
2 
2 
2 
2 
2 
0 
2 
0 
2 
2 
0 
3 
0 
2 
0 
0 
0 
0 
0 
0 
0 
0 
0 
0 
0 
0 
0 
0 
1 
1 
2 
1 
1 
1 
1 
2 
1 
2 
1 
1 
2 
1 
3 
1 
1 
1 
0 
1 
0 
1 
0 
0 
214 
338 
3 
0 
0 
1 
1 
1 
0 
2 
2 
1 
1 
1 
1 
0 
0 
0 
0 
0 
1 
1 
0 
1 
0 
0 
0 
0 
1 
1 
1 
1 
1 
2 
0 
1 
14 
0 
1 
1 
1 
1 
1 
1 
0 
1 
0 
0 
2 
8 
0 
0 
1 
0 
0 
76 
0 
0 
0 
0 
7.46957e+06 
63042 
0 
1 
0 
0 
1 
0 
0 
1 
1 
2 
0 
2 
0 
1 
2 
1 
1 
1 
0 
0 
0 
0 
0 
1 
1 
0 
1 
0 
0 
1 
1 
0 
0 
2 
1 
1 
0 
0 
0 
0 
0 
11 
0 
1 
0 
0 
0 
0 
1 
1 
0 
2 
0 
1 
1 
1 
0 
3 
0 
1 
0 
1 
1 
1 
0 
0 
1 
0 
1 
1 
0 
0 
0 
0 
0 
0 
0 
1 
1 
1 
47000 
47000 
45000 
45000 
0 
0 
20020 
0 
0 
0 
0 
0 
0 
0 
0 
0 
0 
0 
0 
0 
0 
0 
1 
1 
1 
0 
1 
1 
16128 
1 
1 
1 
0 
0 
0 
0 
1 
1 
0 
0 
0 
0 
0 
1 
0 
0 
0 
0 
0 
1024 
0 
0 
0 
0 
1 
1 
1 
1 
0 
1 
2 
0 
1 
1 
1 
1058 
1 
0 
0 
0 
0 
655 
1 
0 
0 
0 
0 
0 
329 
300 
0 
2 
1 
7 
1 
1 
1 
1 
1 
0 
1 
1 
1 
1 
1 
1 
22 
129 
263 
1 
1 
0 
1 
1 
1 
1 
0 
0 
0 
1 
1 
0 
0 
0 
2 
2 
2 
0 
2 
2 
2 
0 
2 
2 
0 
2 
2 
0 
0 
2 
2 
2 
2 
0 
0 
0 
1 
1 
0 
0 
0 
0 
0 
0 
1 
1 
1 
1 
1 
0 
0 
10 
0 
1 
0 
0 
0 
2 
1 
0 
0 
1 
1 
1 
1 
1 
1 
1 
1 
1 
0 
0 
64 
2 
0 
1 
1 
260 
90074 
0 
0 
1 
1 
1 
1 
0 
2 
0 
0 
61365 
341 
1 
0 
0 
0 
0 
0 
0 
1 
1 
0 
0 
0 
0 
1 
0 
0 
0 
0 
0 
1 
2 
27 
0 
0 
0 
0 
0 
0 
0 
1 
1 
1 
2 
0 
7175 
138 
138 
0 
0 
0 
0 
0 
0 
1 
46 
1 
0 
845 
1012 
0 
0 
0 
0 
0 
0 
0 
0 
0 
0 
0 
0 
0 
0 
0 
0 
0 
0 
0 
0 
0 
0 
0 
0 
0 
0 
0 
0 
0 
0 
0 
0 
0 
0 
0 
0 
0 
0 
0 
0 
0 
0 
0 
0 
0 
0 
0 
0 
0 
0 
0 
0 
0 
0 
0 
0 
0 
0 
0 
0 
0 
0 
0 
0 
0 
0 
0 
0 
0 
0 
0 
0 
0 
0 
0 
0 
0 
0 
0 
0 
0 
0 
0 
0 
0 
0 
0 
0 
0 
0 
0 
0 
0 
0 
0 
0 
0 
0 
0 
0 
0 
0 
0 
0 
0 
0 
0 
0 
0 
0 
0 
0 
0 
0 
0 
0 
0 
0 
0 
0 
3 
0 
0 
0 
0 
0 
0 
0 
0 
0 
0 
0 
0 
0 
0 
0 
0 
0 
0 
0 
0 
0 
0 
0 
0 
0 
0 
0 
0 
0 
0 
0 
0 
0 
0 
0 
0 
0 
0 
0 
0 
0 
0 
0 
0 
0 
0 
0 
0 
0 
0 
0 
0 
0 
0 
0 
0 
0 
0 
0 
0 
0 
0 
0 
0 
0 
0 
0 
0 
0 
0 
0 
0 
0 
0 
0 
0 
0 
0 
0 
0 
0 
0 
0 
0 
0 
0 
0 
0 
0 
0 
0 
0 
0 
0 
0 
0 
0 
0 
0 
0 
0 
0 
0 
0 
0 
0 
0 
0 
0 
0 
0 
0 
0 
0 
0 
0 
0 
0 
0 
0 
0 
0 
0 
0 
0 
0 
0 
0 
0 
0 
0 
0 
0 
0 
0 
0 
0 
0 
0 
0 
0 
0 
0 
0 
0 
0 
0 
0 
0 
0 
0 
0 
0 
0 
0 
0 
0 
0 
0 
0 
0 
0 
0 
0 
0 
0 
0 
0 
0 
0 
0 
0 
0 
0 
0 
0 
0 
0 
0 
0 
0 
0 
0 
0 
0 
0 
0 
0 
0 
0 
0 
0 
0 
0 
0 
0 
0 
0 
0 
0 
0 
0 
0 
0 
0 
0 
0 
0 
0 
0 
0 
0 
0 
0 
0 
0 
0 
0 
0 
0 
0 
0 
0 
0 
0 
0 
0 
0 
0 
0 
0 
0 
0 
0 
0 
0 
0 
0 
0 
0 
0 
0 
0 
0 
0 
0 
0 
0 
0 
0 
0 
0 
0 
0 
0 
0 
0 
0 
0 
0 
0 
0 
0 
0 
0 
0 
0 
0 
0 
0 
0 
0 
0 
0 
0 
0 
0 
0 
0 
0 
0 
0 
0 
0 
0 
0 
0 
0 
0 
0 
0 
0 
0 
0 
0 
0 
0 
0 
0 
0 
0 
0 
0 
0 
0 
0 
0 
0 
0 
0 
0 
0 
0 
0 
0 
0 
0 
0 
0 
0 
0 
0 
0 
0 
0 
0 
0 
0 
0 
0 
0 
0 
0 
0 
0 
0 
0 
0 
0 
0 
0 
0 
0 
0 
0 
0 
0 
0 
0 
0 
0 
0 
0 
0 
0 
0 
0 
0 
0 
0 
0 
0 
0 
0 
0 
0 
0 
0 
0 
0 
0 
0 
0 
0 
0 
0 
0 
0 
0 
0 
0 
0 
0 
0 
0 
0 
0 
0 
0 
0 
0 
0 
0 
0 
0 
0 
0 
0 
0 
0 
0 
0 
0 
0 
0 
0 
0 
0 
0 
0 
0 
0 
0 
0 
0 
0 
0 
0 
0 
0 
0 
0 
0 
0 
0 
0 
0 
0 
0 
0 
0 
0 
0 
0 
0 
0 
0 
0 
0 
0 
0 
0 
0 
0 
0 
0 
0 
0 
0 
0 
0 
0 
0 
0 
0 
0 
0 
0 
0 
0 
0 
0 
0 
0 
0 
0 
0 
0 
0 
0 
0 
0 
0 
560 
20 
2.97093e+06 