DURUO
DELTA





1 
2 
3 
105016 
0 
1 
6 
1 
1 
0 
0 
10 
2 
0 
0 
0 
0 
0 
0 
0 
0 
0 
0 
0 
0 
0 
0 
0 
0 
0 
0 
0 
0 
0 
0 
0 
0 
0 
0 
0 
0 
0 
0 
0 
0 
0 
0 
0 
0 
0 
0 
0 
0 
0 
0 
0 
0 
0 
0 
0 
0 
0 
0 
0 
0 
0 
0 
0 
0 
0 
0 
1600 
1600 
14 
20 
0 
0 
23 
22 
21 
0 
6 
0 
0 
1 
0 
0 
0 
0 
0 
0 
0 
3 
1 
0 
0 
0 
0 
0 
0 
0 
0 
5 
5 
0 
0 
0 
0 
0 
6 
0.4 
0 
0 
0 
0 
0 
0 
0 
0 
0 
0 
7 
0 
0 
0 
0 
0 
0 
0 
0 
0 
0 
0 
1900 
1900 
18 
2 
2 
0 
24 
22 
25 
0 
6 
0 
0 
1 
0 
0 
0 
0 
0 
0 
0 
3 
1 
0 
0 
0 
0 
0 
0 
0 
0 
3 
0 
0 
0 
0 
0 
0 
0 
0 
0 
0 
0 
0 
0 
0 
0 
0 
0 
0 
4 
11 
0 
0 
0 
0 
0 
0 
0 
0 
0 
0 
1400 
1400 
12 
2 
11 
0 
21 
22 
7 
0 
10 
0 
-6 
1 
0 
0 
0 
0 
0 
0 
0 
3 
1 
0 
0 
0 
0 
0 
0 
0 
2 
2 
2 
0 
0 
0 
0 
0 
0 
0 
0 
0 
0 
0 
0 
0 
0 
0 
0 
0 
3 
2 
0 
0 
0 
0 
0 
0 
0 
0 
0 
0 
1660 
1660 
7 
1 
15 
0 
13 
14 
22 
0 
14 
0 
12 
1 
0 
0 
0 
0 
0 
0 
0 
2 
0 
0 
0 
0 
0 
0 
0 
0 
0 
3 
1 
0 
0 
0 
0 
0 
0 
0 
0 
0 
0 
0 
0 
0 
0 
0 
0 
0 
2 
8 
9 
0 
0 
0 
0 
0 
0 
0 
0 
0 
100 
100 
100 
6 
1 
15 
13 
11 
13 
16 
8 
16 
0 
27 
0 
34 
0 
39 
0 
39 
0 
2 
0 
34 
0 
28 
0 
999 
0 
25 
20 
16 
25 
17 
25 
1 
1 
2 
2 
3 
3 
4 
4 
5 
5 
6 
6 
7 
7 
8 
8 
9 
9 
10 
10 
11 
11 
12 
12 
13 
13 
14 
14 
15 
15 
16 
16 
17 
17 
18 
18 
19 
19 
20 
20 
21 
21 
22 
22 
0 
0 
0 
0 
0 
0 
0 
0 
0 
0 
0 
0 
0 
0 
0 
0 
0 
0 
0 
0 
0 
0 
0 
0 
0 
0 
0 
0 
0 
0 
0 
0 
0 
0 
0 
0 
0 
0 
0 
0 
0 
0 
0 
0 
0 
0 
1 
2 
3 
4 
5 
6 
7 
8 
9 
10 
11 
12 
13 
14 
15 
16 
17 
18 
3 
20 
21 
22 
23 
24 
25 
26 
27 
28 
29 
30 
31 
32 
33 
0 
0 
0 
0 
0 
0 
0 
0 
0 
0 
0 
0 
0 
0 
0 
0 
0 
0 
0 
0 
0 
0 
0 
0 
0 
0 
0 
0 
0 
0 
0 
0 
0 
0 
0 
0 
0 
0 
0 
0 
250 
7 
3 
0 
1 
2 
20 
20 
10 
10 
1 
0 
5 
201 
7 
0 
0 
0 
0 
0 
0 
0 
0 
0 
0 
0 
0 
0 
0 
0 
0 
0 
0 
0 
0 
0 
0 
1 
1 
0 
0 
0 
0 
1 
0.85 
0.6 
0 
0 
0 
-10 
0 
0 
0 
0 
0 
0 
0 
1 
2 
1 
0 
29 
0 
0 
0 
0 
0 
0 
1 
76 
10 
0 
0 
36 
0 
0 
0 
5.7 
0 
0 
0 
0 
0 
560 
160 
0 
0 
0 
0 
0 
0 
0 
24 
19 
1 
0 
0 
0 
0 
0 
0 
0 
0 
0 
0 
0 
0 
0 
0 
0 
0 
0 
0 
0 
0 
0 
0 
0 
0 
0 
0 
0 
0 
0 
0 
0 
0 
0 
1 
2 
2 
1 
1 
1 
1 
1 
1 
1 
1 
0 
0 
0 
0 
1 
1 
1 
1 
1 
1 
0 
1 
0 
0 
0 
0 
0 
0 
1 
0 
0 
0 
0 
0 
0 
0 
0 
0 
0 
0 
0 
0 
0 
0 
0 
0 
0 
0 
0 
0 
0 
0 
0 
0 
0 
0 
0 
0 
0 
0 
0 
0 
0 
0 
0 
0 
0 
0 
0 
0 
0 
0 
0 
0 
0 
0 
0 
0 
0 
0 
0 
0 
0 
0 
0 
0 
0 
0 
0 
0 
0 
0 
0 
0 
0 
0 
0 
0 
0 
1 
1 
1 
1 
0 
0 
1 
2 
0 
1 
2 
2 
1 
0 
2 
0 
0 
1 
1 
0 
3 
3 
3 
8 
8 
8 
1 
0 
0 
12 
0 
4 
0 
0 
1 
0 
0 
1 
1 
2 
1 
7 
0 
0 
0 
0 
0 
1 
0 
1 
1 
0 
1 
1 
1 
2 
1 
1 
2 
1 
1 
1 
4 
2 
0 
1 
0 
0 
0 
1 
1 
2 
1 
2 
1 
1 
2 
1 
0 
1 
0 
0 
0 
0 
0 
0 
0 
0 
0 
0 
1 
9 
0 
0 
0 
0 
1 
0 
0 
0 
0 
0 
2 
0 
1 
0 
0 
0 
1 
9 
0 
0 
1 
0 
0 
1 
1 
1 
0 
0 
0 
0 
0 
0 
0 
2 
0 
0 
0 
0 
0 
0 
0 
1 
0 
0 
0 
3 
0 
0 
1 
1 
3 
0 
0 
0 
1 
0 
0 
1 
1 
0 
1 
0 
0 
0 
0 
1 
0 
2 
0 
0 
1 
0 
0 
0 
0 
1 
1 
0 
0 
0 
0 
0 
0 
0 
0 
0 
0 
1 
1 
0 
0 
1 
0 
0 
0 
0 
0 
0 
1 
1 
1 
0 
0 
1 
1 
0 
0 
0 
0 
0 
0 
0 
0 
0 
0 
1 
1 
0 
0 
0 
0 
0 
0 
0 
1 
0 
1 
0 
1 
1 
1 
0 
1 
1 
0 
0 
1 
0 
1 
1 
1 
0 
0 
0 
0 
1 
2 
1 
0 
1 
1 
0 
1 
0 
1 
0 
0 
0 
0 
0 
1 
1 
0 
0 
0 
1 
0 
0 
0 
1 
0 
1 
0 
0 
0 
1 
0 
0 
0 
0 
0 
0 
0 
0 
0 
0 
0 
0 
0 
0 
0 
0 
0 
0 
0 
0 
0 
0 
0 
0 
0 
0 
0 
0 
0 
0 
0 
0 
0 
2 
2 
1 
3 
1 
1 
1 
1 
0 
0 
1 
0 
0 
0 
0 
0 
0 
0 
0 
0 
0 
0 
0 
0 
3 
2 
2 
2 
1 
2 
6 
6 
6 
6 
6 
0 
0 
6 
2 
0 
0 
2 
2 
0 
0 
0 
0 
0 
0 
2 
0 
2 
6 
6 
6 
6 
0 
0 
6 
6 
6 
6 
6 
6 
6 
6 
6 
0 
0 
0 
0 
0 
0 
0 
0 
0 
0 
0 
0 
2 
2 
2 
2 
2 
0 
0 
2 
0 
0 
0 
0 
0 
0 
0 
0 
0 
0 
0 
0 
0 
0 
0 
0 
0 
1 
1 
0 
0 
0 
0 
1 
0 
1 
1 
1 
0 
0 
0 
0 
0 
0 
1 
1 
0 
0 
0 
0 
0 
0 
1 
1 
1 
1 
1 
1 
1 
0 
0 
0 
1 
0 
1 
0 
1 
0 
0 
0 
0 
0 
0 
0 
0 
0 
0.2 
0.5 
0 
0 
1 
1 
0 
0 
0 
0 
0 
0 
0 
0 
0 
0 
0 
0 
0 
0 
0 
0 
0 
0 
0 
0 
0 
0 
0 
0 
0 
0 
0 
0 
0 
0 
0 
0 
0 
0 
0 
0 
0 
0 
0 
0 
0 
0 
0 
0 
0 
0 
0 
0 
0 
0 
0 
0 
0 
0 
0 
0 
0 
0 
0 
0 
0 
0 
0 
0 
0 
0 
0 
0 
0 
0 
0 
0 
0 
0 
1 
0 
0 
0 
0 
0 
0 
0 
0 
0 
0 
0 
0 
0 
0 
0 
0 
0 
0 
0 
0 
0 
0 
0 
0 
0 
0 
0 
0 
0 
0 
0 
0 
0 
0 
0 
0 
0 
0 
0 
0 
0 
0 
0 
0 
0 
0 
0 
0 
0 
0 
0 
0 
0 
0 
0 
0 
0 
0 
0 
0 
0 
0 
0 
0 
0 
15 
5 
6 
5 
0 
0 
0 
0 
0 
0 
2 
2 
0 
0 
2 
0 
0 
0 
0 
0 
0 
0 
0 
0 
0 
0 
0 
0 
0 
0 
0 
0 
0 
0 
0 
0 
0 
0 
0 
0 
0 
0 
0 
0 
0 
0 
0 
0 
0 
0 
0 
0 
0 
0 
0 
0 
0 
0 
0 
0 
0 
0 
0 
0 
0 
0 
0 
0 
0 
0 
0 
0 
0 
0 
0 
0 
0 
0 
0 
0 
0 
0 
0 
0 
0 
0 
0 
0 
0 
0 
0 
0 
0 
0 
0 
0 
0 
0 
0 
0 
2 
0 
2 
2 
1 
0 
2 
0 
0 
-1 
2 
1 
0 
0 
1 
0 
0 
3 
1 
19 
1 
1 
1 
0 
4 
0 
19 
0 
0 
0 
0 
0 
0 
0 
0 
0 
0 
0 
0 
0 
0 
0 
0 
0 
0 
0 
0 
0 
0 
0 
0 
0 
0 
0 
1 
0 
0 
0 
0 
0 
0 
0 
0 
0 
0 
0 
0 
0 
0 
0 
0 
0 
0 
0 
0 
0 
0 
0 
0 
0 
0 
0 
0 
0 
0 
0 
0 
0 
0 
0 
0 
0 
0 
0 
0 
0 
0 
0 
0 
0 
0 
0 
0 
0 
0 
0 
0 
0 
0 
0 
0 
6 
5 
14 
23 
0 
0 
0 
0 
0 
1 
0 
0 
0 
0 
4 
0 
0 
1 
0 
1 
1 
0 
1 
1 
0 
0 
0 
0 
0 
1 
1 
1 
0 
714 
0 
0 
0 
9 
3 
0 
0 
0 
0 
1 
0 
1 
0 
0 
0 
0 
1 
0 
0 
0 
0 
0 
0 
1 
0 
0 
0 
0 
0 
0 
0 
0 
0 
0 
0 
0 
0 
0 
1 
0 
0 
1 
0 
0 
2 
1 
0 
0 
0 
1 
1 
0 
0 
0 
0 
0 
2 
0 
0 
0 
0 
0 
0 
0 
0 
0 
0 
0 
2 
0 
3 
0 
20 
0 
1 
0 
0 
4 
1 
1 
0 
0 
0 
0 
0 
0 
0 
0 
1 
1 
0 
0 
0 
0 
0 
0 
0 
0 
0 
0 
0 
0 
0 
0 
0 
0 
0 
0 
0 
0 
0 
0 
0 
0 
0 
0 
0 
0 
0 
0 
0 
0 
0 
0 
0 
0 
3 
0 
2 
3 
0 
0 
0 
0 
0 
0 
0 
300 
0 
0 
0 
0 
0 
2 
0 
0 
0 
0 
181 
0 
24920 
3 
0 
0 
1 
0 
1 
0 
0 
0 
0 
0 
0 
2 
0 
1 
1 
0 
0 
2 
0 
1 
3 
0 
0 
0 
1 
0 
0 
0 
0 
0 
1 
1 
0 
0 
0 
0 
0 
0 
0 
0 
1 
0 
0 
0 
1 
7 
0 
0 
0 
0 
0 
0 
0 
0 
0 
0 
0 
0 
0 
67 
8 
0 
1 
0 
0 
2 
0 
0 
0 
0 
0 
0 
0 
0 
0 
0 
0 
5 
14 
23 
0 
0 
0 
0 
0 
0 
0 
0 
0 
0 
0 
0 
0 
0 
0 
0 
0 
0 
0 
0 
0 
0 
0 
0 
0 
0 
0 
0 
0 
0 
0 
0 
0 
0 
0 
0 
0 
0 
0 
0 
0 
0 
0 
0 
0 
0 
0 
0 
0 
0 
0 
0 
0 
0 
0 
0 
0 
0 
0 
0 
0 
0 
0 
0 
0 
0 
0 
0 
0 
0 
0 
0 
0 
0 
0 
0 
0 
0 
0 
0 
0 
0 
0 
0 
0 
0 
0 
0 
0 
0 
0 
0 
0 
0 
0 
0 
0 
0 
0 
0 
0 
0 
0 
0 
0 
0 
0 
0 
0 
0 
0 
0 
0 
0 
0 
0 
0 
0 
0 
0 
0 
0 
0 
0 
0 
0 
0 
0 
0 
0 
0 
0 
0 
0 
0 
0 
0 
0 
0 
0 
0 
0 
0 
0 
0 
0 
0 
0 
0 
0 
0 
0 
0 
0 
0 
0 
0 
0 
0 
0 
0 
0 
0 
0 
0 
0 
0 
0 
0 
0 
0 
0 
0 
0 
0 
0 
0 
0 
0 
0 
0 
0 
0 
0 
0 
0 
0 
0 
0 
0 
0 
0 
0 
0 
0 
0 
0 
0 
0 
0 
0 
0 
0 
0 
0 
0 
0 
0 
0 
0 
0 
0 
0 
0 
0 
0 
0 
0 
0 
0 
0 
0 
0 
0 
0 
0 
0 
0 
0 
0 
0 
0 
0 
0 
0 
0 
0 
0 
0 
0 
0 
0 
0 
0 
0 
0 
0 
0 
0 
0 
0 
0 
0 
0 
0 
0 
0 
0 
0 
0 
0 
0 
0 
0 
0 
0 
0 
0 
0 
0 
0 
0 
0 
0 
0 
0 
0 
0 
0 
0 
0 
0 
0 
0 
0 
0 
0 
0 
0 
0 
0 
0 
0 
0 
0 
0 
0 
0 
0 
0 
0 
0 
0 
0 
0 
0 
0 
0 
0 
0 
0 
0 
0 
0 
0 
0 
0 
0 
0 
0 
0 
0 
0 
0 
0 
0 
0 
0 
0 
0 
0 
0 
0 
0 
0 
0 
0 
0 
0 
0 
0 
0 
0 
0 
0 
0 
0 
0 
0 
0 
0 
0 
0 
0 
0 
0 
0 
0 
0 
0 
0 
0 
0 
0 
0 
0 
0 
0 
0 
0 
0 
0 
0 
0 
0 
0 
0 
0 
0 
0 
0 
0 
0 
0 
0 
0 
0 
0 
0 
0 
0 
0 
0 
0 
0 
0 
0 
0 
0 
0 
0 
0 
0 
0 
0 
0 
0 
0 
0 
0 
0 
0 
0 
0 
0 
0 
0 
0 
0 
0 
0 
0 
0 
0 
0 
0 
0 
0 
0 
0 
0 
0 
0 
0 
0 
0 
0 
0 
0 
0 
0 
0 
0 
0 
0 
0 
0 
0 
0 
0 
0 
0 
0 
0 
0 
0 
0 
0 
0 
0 
0 
0 
0 
0 
0 
0 
0 
0 
0 
0 
0 
0 
0 
0 
0 
0 
0 
0 
0 
0 
0 
0 
0 
0 
0 
0 
0 
0 
0 
0 
0 
0 
0 
0 
0 
0 
0 
0 
0 
0 
0 
0 
0 
0 
0 
0 
0 
0 
0 
0 
0 
0 
0 
0 
0 
0 
0 
0 
0 
0 
0 
0 
0 
0 
0 
0 
0 
0 
0 
0 
0 
0 
0 
0 
0 
0 
0 
0 
0 
0 
0 
0 
0 
0 
0 
0 
0 
0 
0 
0 
0 
0 
0 
0 
0 
0 
0 
0 
0 
0 
0 
0 
0 
0 
0 
0 
0 
0 
0 
0 
0 
0 
0 
0 
0 
0 
0 
0 
0 
0 
0 
0 
0 
0 
0 
0 
0 
0 
0 
0 
0 
0 
0 
0 
0 
0 
0 
0 
0 
0 
0 
0 
0 
0 
0 
0 
0 
0 
0 
0 
0 
0 
0 
0 
0 
0 
0 
0 
0 
0 
0 
0 
0 
0 
0 
0 
0 
0 
0 
0 
0 
0 
0 
0 
0 
0 
0 
0 
0 
0 
0 
0 
0 
0 
0 
0 
0 
0 
0 
0 
0 
0 
0 
0 
0 
0 
0 
0 
0 
0 
0 
0 
0 
0 
0 
0 
0 
0 
0 
0 
0 
0 
0 
0 
0 
0 
0 
0 
0 
0 
0 
0 
0 
0 
0 
0 
0 
0 
0 
0 
0 
0 
0 
0 
0 
0 
0 
0 
0 
0 
0 
0 
0 
0 
0 
0 
0 
0 
0 
0 
0 
0 
0 
0 
0 
0 
0 
0 
0 
0 
0 
0 
0 
0 
0 
0 
0 
0 
0 
0 
0 
0 
0 
0 
0 
0 
0 
0 
0 
0 
0 
0 
0 
0 
0 
0 
0 
0 
0 
0 
0 
0 
0 
0 
0 
0 
0 
0 
0 
0 
0 
0 
0 
0 
0 
0 
0 
0 
0 
0 
0 
0 
0 
0 
0 
0 
0 
0 
0 
0 
0 
0 
0 
0 
0 
0 
0 
0 
0 
0 
0 
0 
0 
0 
0 
0 
0 
0 
0 
0 
0 
0 
0 
0 
0 
0 
0 
0 
0 
0 
0 
0 
0 
0 
0 
0 
0 
0 
0 
0 
0 
0 
0 
0 
0 
0 
0 
0 
0 
0 
0 
0 
0 
0 
0 
0 
0 
0 
0 
0 
0 
0 
0 
0 
0 
0 
0 
0 
0 
0 
0 
0 
0 
0 
0 
0 
0 
0 
0 
0 
0 
0 
0 
0 
0 
0 
0 
0 
0 
0 
0 
0 
0 
0 
0 
0 
0 
0 
0 
0 
0 
0 
0 
0 
0 
0 
0 
0 
0 
0 
0 
0 
0 
0 
0 
0 
0 
0 
0 
0 
0 
0 
0 
0 
0 
0 
0 
0 
0 
0 
0 
0 
0 
0 
0 
0 
0 
0 
0 
0 
0 
0 
0 
0 
0 
0 
0 
0 
0 
0 
0 
0 
0 
0 
0 
0 
0 
0 
0 
0 
0 
0 
0 
0 
0 
0 
0 
0 
0 
0 
0 
0 
0 
0 
0 
0 
0 
0 
0 
0 
0 
0 
0 
0 
0 
0 
0 
0 
0 
0 
0 
0 
0 
0 
0 
0 
0 
0 
0 
0 
0 
0 
0 
0 
0 
0 
0 
0 
0 
0 
0 
0 
0 
0 
0 
0 
0 
0 
0 
0 
0 
0 
0 
0 
0 
0 
0 
0 
0 
0 
0 
0 
0 
0 
0 
0 
0 
0 
0 
0 
0 
0 
0 
0 
0 
0 
0 
0 
0 
0 
0 
0 
0 
0 
0 
0 
0 
0 
0 
0 
0 
0 
0 
0 
0 
0 
0 
0 
0 
0 
0 
0 
0 
0 
0 
0 
0 
0 
0 
0 
0 
0 
0 
0 
0 
0 
0 
0 
0 
0 
0 
0 
0 
0 
0 
0 
0 
0 
0 
0 
0 
0 
0 
0 
0 
0 
0 
0 
0 
0 
0 
0 
0 
0 
0 
0 
0 
0 
0 
0 
0 
0 
0 
0 
0 
0 
0 
0 
0 
0 
0 
0 
0 
0 
0 
0 
0 
0 
0 
0 
0 
0 
0 
0 
0 
0 
0 
0 
0 
0 
0 
0 
0 
0 
0 
0 
0 
0 
0 
0 
0 
0 
0 
0 
0 
0 
0 
0 
0 
0 
0 
0 
0 
0 
0 
0 
0 
0 
0 
0 
0 
0 
0 
0 
0 
0 
0 
0 
0 
0 
0 
0 
0 
0 
0 
0 
0 
0 
0 
0 
0 
0 
0 
0 
0 
0 
0 
0 
0 
0 
0 
0 
0 
0 
0 
0 
0 
0 
0 
0 
0 
0 
0 
0 
0 
0 
0 
0 
0 
0 
0 
0 
0 
0 
0 
0 
0 
0 
0 
0 
0 
0 
0 
250 
30196 
663889 